1007.8
177.78
204.75
79.25
748.32
114.88
159.77
55.673
0.02109
0.03221
0.10305
0.19157
0.17487
0.13829
0.15693
0.21203
1033.6
184.05
204.36
78.919
764.68
118.52
159.7
55.225
0.02128
0.032847
0.10343
0.19099
0.17366
0.13768
0.15722
0.2104
1060.1
190.38
203.91
78.593
781.39
122.22
159.54
54.799
0.021477
0.033493
0.10375
0.1905
0.17248
0.13708
0.15742
0.20894
1087
196.75
203.4
78.273
798.44
125.98
159.27
54.413
0.02168
0.034143
0.10401
0.19016
0.17133
0.13651
0.15752
0.20783
1114.5
203.14
202.84
77.963
815.8
129.78
158.91
54.078
0.02189
0.034799
0.10423
0.19001
0.1702
0.13597
0.15754
0.20724
1142.5
209.55
202.22
77.666
833.52
133.64
158.45
53.794
0.022107
0.035457
0.10439
0.19005
0.16909
0.13544
0.15746
0.2072
1171.1
215.97
201.58
77.376
851.62
137.54
157.91
53.525
0.022331
0.036118
0.1045
0.19015
0.16801
0.13493
0.15729
0.20736
1200.3
222.41
200.89
77.088
870.08
141.48
157.25
53.256
0.022561
0.036781
0.10455
0.19025
0.16695
0.13444
0.15698
0.20755
1230
228.87
200.17
76.803
888.89
145.46
156.51
52.986
0.022798
0.037447
0.10454
0.19036
0.16591
0.13397
0.15654
0.20775
1260.4
235.35
199.45
76.523
908.07
149.49
155.72
52.729
0.023041
0.038116
0.1045
0.19051
0.1649
0.13352
0.15604
0.20812
1291.3
241.85
198.72
76.253
927.61
153.57
154.88
52.502
0.023291
0.038788
0.10443
0.19076
0.1639
0.13308
0.15545
0.20888
1322.7
248.38
197.98
75.999
947.51
157.69
153.95
52.312
0.023546
0.039463
0.10429
0.19115
0.16293
0.13267
0.15472
0.21015
1354.6
254.95
197.23
75.756
967.72
161.85
152.95
52.148
0.023806
0.040142
0.10411
0.19163
0.16198
0.13227
0.15384
0.21177
1386.8
261.58
196.48
75.515
988.21
166.07
151.91
51.983
0.024069
0.040827
0.1039
0.1921
0.16105
0.13189
0.1529
0.21338
1419.3
268.26
195.75
75.266
1009
170.35
150.88
51.793
0.024336
0.041517
0.10369
0.19247
0.16013
0.13153
0.15196
0.21463
1452
275
195.02
75.012
1030
174.67
149.87
51.581
0.024606
0.042213
0.10349
0.19276
0.15924
0.13118
0.15104
0.21555
1484.9
281.8
194.3
74.761
1051.2
179.05
148.82
51.372
0.024877
0.042914
0.10325
0.19305
0.15836
0.13086
0.15004
0.21648
1517.7
288.65
193.58
74.522
1072.5
183.48
147.75
51.195
0.025148
0.043621
0.103
0.19345
0.1575
0.13055
0.14899
0.21783
1550.4
295.58
192.88
74.298
1093.9
187.97
146.7
51.051
0.025419
0.044334
0.10275
0.19396
0.15666
0.13026
0.14795
0.2196
1582.9
302.57
192.18
74.078
1115.4
192.52
145.66
50.912
0.025688
0.045054
0.1025
0.19448
0.15583
0.12998
0.14693
0.2214
1615.1
309.64
191.48
73.85
1136.8
197.12
144.62
50.749
0.025954
0.04578
0.10224
0.1949
0.15501
0.12973
0.14589
0.22276
1646.8
316.79
190.8
73.614
1158.2
201.79
143.63
50.559
0.026216
0.046514
0.10202
0.19519
0.15421
0.12949
0.14494
0.22364
1678.2
324.03
190.13
73.381
1179.6
206.52
142.75
50.372
0.026475
0.047256
0.10186
0.19548
0.15342
0.12927
0.14417
0.22447
1709.2
331.39
189.48
73.166
1201
211.32
141.96
50.23
0.026731
0.048009
0.10176
0.19593
0.15265
0.12906
0.1436
0.22583
1739.9
338.87
188.85
72.981
1222.3
216.21
141.3
50.148
0.026985
0.048773
0.10175
0.1966
0.15188
0.12888
0.14327
0.22796
1770.4
346.51
188.29
72.821
1243.6
221.17
140.81
50.109
0.027235
0.04955
0.10185
0.19743
0.15113
0.12871
0.14327
0.23062
1800.7
354.31
187.81
72.671
1265
226.24
140.5
50.082
0.027483
0.050341
0.10208
0.1983
0.15039
0.12857
0.14366
0.2334
1830.8
362.28
187.47
72.525
1286.3
231.4
140.43
50.059
0.02773
0.051148
0.10249
0.19919
0.14967
0.12844
0.14454
0.23623
1860.7
370.45
187.34
72.395
1307.7
236.66
140.61
50.058
0.027974
0.051971
0.10309
0.20017
0.14895
0.12834
0.146
0.23939
1890.6
378.81
187.5
72.315
1329.1
242.04
141.07
50.121
0.028217
0.052811
0.1039
0.2014
0.14825
0.12826
0.14814
0.24347
1920.4
387.39
188.03
72.318
1350.6
247.52
141.84
50.273
0.028458
0.053669
0.10494
0.203
0.14756
0.12819
0.15104
0.24883
1949.9
396.2
189.01
72.406
1372
253.13
142.9
50.501
0.028696
0.054547
0.1062
0.20491
0.14688
0.12815
0.15471
0.25527
1979
405.28
190.48
72.534
1393.3
258.88
144.25
50.761
0.02893
0.055446
0.1077
0.20695
0.14621
0.12814
0.15918
0.26206
2007.7
414.64
192.46
72.648
1414.5
264.76
145.86
51.007
0.029159
0.056369
0.10941
0.20894
0.14555
0.12814
0.16442
0.26847
2035.9
424.31
194.9
72.733
1435.5
270.8
147.69
51.227
0.029383
0.057317
0.11129
0.21081
0.14489
0.12818
0.17032
0.27431
2063.7
434.31
197.66
72.806
1456.4
277.01
149.67
51.435
0.029602
0.058293
0.1133
0.21263
0.14425
0.12824
0.17673
0.27977
2091
444.67
200.54
72.887
1477.2
283.38
151.71
51.648
0.029815
0.059296
0.11537
0.21446
0.14361
0.12832
0.18342
0.2851
2117.9
455.37
203.38
72.97
1497.8
289.92
153.74
51.86
0.030024
0.060328
0.11745
0.21628
0.14298
0.12843
0.19023
0.29024
2144.6
466.41
206.1
73.014
1518.4
296.63
155.72
52.037
0.03023
0.061387
0.11952
0.21796
0.14236
0.12857
0.19707
0.29477
2171.4
477.76
208.67
72.999
1539.1
303.5
157.64
52.154
0.030436
0.062472
0.12155
0.21937
0.14176
0.12873
0.20389
0.29846
2198.2
489.41
211.04
72.932
1559.8
310.53
159.47
52.213
0.03064
0.063581
0.12353
0.22054
0.14115
0.12892
0.21065
0.3014
2225.2
501.33
213.14
72.831
1580.6
317.71
161.18
52.228
0.030845
0.064712
0.12543
0.22153
0.14056
0.12913
0.21722
0.30379
2252.4
513.46
214.94
72.727
1601.6
325.02
162.74
52.236
0.031051
0.065862
0.12722
0.22249
0.13998
0.12936
0.22353
0.30612
2279.8
525.76
216.54
72.634
1622.7
332.44
164.19
52.257
0.031258
0.067028
0.12895
0.22351
0.13941
0.12962
0.22968
0.30867
2307.5
538.21
218.06
72.559
1643.9
339.98
165.59
52.299
0.031466
0.068207
0.13065
0.22463
0.13885
0.12989
0.23587
0.31157
2335.3
550.79
219.5
72.487
1665.3
347.62
166.95
52.344
0.031674
0.069399
0.13234
0.22577
0.1383
0.13017
0.24209
0.31458
2363.1
563.47
220.85
72.397
1686.7
355.35
168.25
52.364
0.031882
0.070601
0.13399
0.22681
0.13776
0.13048
0.2483
0.31737
2391
576.24
222.11
72.284
1708.2
363.16
169.51
52.352
0.032089
0.071813
0.13561
0.22771
0.13722
0.1308
0.25451
0.31976
2419
589.07
223.3
72.169
1729.8
371.06
170.72
52.334
0.032296
0.073033
0.13721
0.2286
0.1367
0.13113
0.26071
0.32213
2446.9
601.96
224.62
72.082
1751.3
379.04
172
52.354
0.032502
0.07426
0.13888
0.22966
0.13618
0.13148
0.26729
0.32511
2474.8
614.92
226
72.045
1772.9
387.09
173.31
52.432
0.032707
0.075494
0.14059
0.23097
0.13567
0.13184
0.27413
0.32903
2502.7
627.94
227.36
72.04
1794.6
395.22
174.62
52.543
0.032911
0.076735
0.14231
0.23244
0.13516
0.13222
0.28107
0.33357
2530.5
641.02
228.72
72.017
1816.2
403.42
175.92
52.634
0.033114
0.077984
0.14402
0.23384
0.13467
0.13261
0.28811
0.33794
2558.3
654.16
230.08
71.954
1837.9
411.7
177.22
52.678
0.033316
0.079239
0.14576
0.23504
0.13418
0.13301
0.29527
0.34172
2586
667.36
231.47
71.876
1859.6
420.05
178.54
52.703
0.033516
0.080501
0.14751
0.23616
0.13369
0.13343
0.30258
0.34534
2613.6
680.61
232.89
71.824
1881.2
428.47
179.87
52.757
0.033715
0.081768
0.14929
0.23743
0.13322
0.13386
0.31005
0.3497
2641.3
693.9
234.25
71.832
1902.9
436.95
181.16
52.874
0.033913
0.083041
0.15104
0.239
0.13275
0.1343
0.31748
0.35545
2668.8
707.24
235.59
71.894
1924.6
445.5
182.45
53.039
0.034109
0.084319
0.1528
0.2408
0.13229
0.13475
0.32491
0.36241
2696.3
720.63
236.92
71.956
1946.3
454.12
183.72
53.204
0.034304
0.085603
0.15456
0.24261
0.13183
0.13521
0.33236
0.36959
2723.6
734.06
238.23
71.969
1967.9
462.8
184.99
53.323
0.034497
0.086891
0.15632
0.24422
0.13138
0.13569
0.33974
0.37598
2750.7
747.54
239.53
71.944
1989.5
471.54
186.24
53.401
0.034688
0.088185
0.15808
0.24565
0.13094
0.13618
0.34704
0.38152
